156

159

161

163

186

243

245

246

247

248

249

250

252

253

254

255

256

259

261

265

266

267

269

270

272

276

280

286

291

293

294

296

298

302

305

311

314

317

320

323

325

333

340

351

356

358

360

361

366

369

370

408

411

418

422

425

439

444

465

469

471

484

487

490

499

505

527

531

533

536

544

545

548

549

555

562

568

573

582

616

625

634

644

651

656

660

663

666

681

683

694

156

159

161

163

186

243

245

246

247

248

249

250

252

253

254

255

256

259

261

265

266

267

269

270

272

276

280

286

291

293

294

296

298

302

305

311

314

317

320

323

325

333

340

351

356

358

360

361

366

369

370

408

411

418

422

425

439

444

465

469

471

484

487

490

499

505

156

159

161

163

186

243

245

246

247

248

249

250

252

253

254

255

256

259

261

265

266

267

269

270

272

276

280

286

291

293

294

296

298

302

305

311

314

317

320

323

325

333

340

351

356

358

360

361

366

369

370

408

411

418

422

425

439

444

465

469

471

484

487

490

499

505

527

531

533

536

544

545

548

549

555

562

568

573

582

616

625

634

644

651

656

660

663

666

681

683

694

711

723

727

734

737

742

750

751

755

758

760

156

159

161

163

186

243

245

246

247

248

249

250

252

253

254

255

256

259

261

265

266

267

269

270

272

276

280

286

291

293

294

296

298

302

305

311

314

317

320

323

325

333

340

351

356

358

360

361

366

369

370

408

411

418

422

425

439

444

465

469

471

484

487

490

499

505

527

531

533

536

544

545

548

549

555

562

568

573

582

616

625

634

644

651

656

660

663

666

681

683

694

711

156

159

161

163

186

243

245

246

247

248

249

250

252

253

254

255

256

259

261

265

266

267

269

270

272

276

280

286

291

293

294

296

298

302

305

311

314

317

320

323

325

333

340

351

356

358

360

361

366

369

370

408

411

418

422

425

439

444

465

469

471

484

487

490

499

505

156

159

161

163

186

243

245

246

247

248

249

250

252

253

254

255

256

259

261

265

266

267

269

270

272

276

280

286

291

293

294

296

298

302

305

311

314

317

320

323

325

333

340

351

356

358

360

361

366

369

370

408

411

418

422

425

439

444

465

469

471

484

487

490

499

505

527

531

533

536

544

545

548

549

555

562

568

573

582

616

625

634

644

651

656

660

663

666

681

683

694

711

156

159

161

163

186

243

245

246

247

248

249

250

252

253

254

255

256

259

261

265

266

267

269

270

272

276

280

286

291

293

294

296

298

302

305

311

314

317

320

323

325

333

340

351

356

358

360

361

366

369

370

408

411

418

422

425

439

444

465

469

471

484

487

490

499

505

527

531

533

536

544

545

548

549

555

562

568

573

582

616

625

634

644

651

656

660

663

666

681

683

694

711

723

727

734

737

742

750

751

755

758

760

772

774

